0.95048 0.30883 -0.03490 Fp1
0.80852 0.58743 -0.03490 AF7
0.87120 0.40625 0.27564 AF3
0.71026 0.28697 0.64279 F1
0.67303 0.54501 0.50000 F3
0.63370 0.72899 0.25882 F5
0.58743 0.80852 -0.03490 F7
0.30883 0.95048 -0.03490 FT7
0.34083 0.88789 0.30902 FC5
0.35964 0.67638 0.64279 FC3
0.37471 0.37471 0.84805 FC1
-0.00000 0.39073 0.92050 C1
-0.00000 0.71934 0.69466 C3
-0.00000 0.93358 0.35837 C5
-0.00000 0.99939 -0.03490 T7
-0.30883 0.95048 -0.03490 TP7
-0.34083 0.88789 0.30902 CP5
-0.35964 0.67638 0.64279 CP3
-0.37471 0.37471 0.84805 CP1
-0.71026 0.28697 0.64279 P1
-0.67303 0.54501 0.50000 P3
-0.63370 0.72899 0.25882 P5
-0.58743 0.80852 -0.03490 P7
-0.58256 0.69427 -0.42262 P9
-0.80852 0.58743 -0.03490 PO7
-0.87120 0.40625 0.27564 PO3
-0.95048 0.30883 -0.03490 O1
-0.90631 -0.00000 -0.42262 Iz
-0.99939 -0.00000 -0.03490 Oz
-0.93358 -0.00000 0.35837 POz
-0.71934 -0.00000 0.69466 Pz
-0.39073 -0.00000 0.92050 CPz
0.99939 0.00000 -0.03490 Fpz
0.95048 -0.30883 -0.03490 Fp2
0.80852 -0.58743 -0.03490 AF8
0.87120 -0.40625 0.27564 AF4
0.93358 0.00000 0.35837 Afz
0.71934 0.00000 0.69466 Fz
0.71026 -0.28697 0.64279 F2
0.67303 -0.54501 0.50000 F4
0.63370 -0.72899 0.25882 F6
0.58743 -0.80852 -0.03490 F8
0.30883 -0.95048 -0.03490 FT8
0.34083 -0.88789 0.30902 FC6
0.35964 -0.67638 0.64279 FC4
0.37471 -0.37471 0.84805 FC2
0.39073 0.00000 0.92050 FCz
0.00000 -0.00000 1.00000 Cz
0.00000 -0.39073 0.92050 C2
0.00000 -0.71934 0.69466 C4
0.00000 -0.93358 0.35837 C6
0.00000 -0.99939 -0.03490 T8
-0.30883 -0.95048 -0.03490 TP8
-0.34083 -0.88789 0.30902 CP6
-0.35964 -0.67638 0.64279 CP4
-0.37471 -0.37471 0.84805 CP2
-0.71026 -0.28697 0.64279 P2
-0.67303 -0.54501 0.50000 P4
-0.63370 -0.72899 0.25882 P6
-0.58743 -0.80852 -0.03490 P8
-0.58256 -0.69427 -0.42262 P10
-0.80852 -0.58743 -0.03490 PO8
-0.87120 -0.40625 0.27564 PO4
-0.95048 -0.30883 -0.03490 O2
