0.00000 -0.00000 1.00000 A1
-0.19937 -0.00000 0.97992 A2
-0.39073 -0.00000 0.92050 A3
-0.56641 -0.00000 0.82413 A4
-0.66458 0.27528 0.69466 A5
-0.50865 0.50865 0.69466 A6
-0.59637 0.59637 0.53730 A7
-0.75528 0.54874 0.35837 A8
-0.79792 0.57972 0.16505 A9
-0.80852 0.58743 -0.03490 A10
-0.78666 0.57154 -0.23345 A11
-0.73322 0.53271 -0.42262 A12
-0.86195 0.28006 -0.42262 A13
-0.92478 0.30048 -0.23345 A14
-0.95048 0.30883 -0.03490 A15
-0.93801 0.30478 0.16505 A16
-0.88789 0.28849 0.35837 A17
-0.77919 0.32275 0.53730 A18
-0.71934 -0.00000 0.69466 A19
-0.84339 -0.00000 0.53730 A20
-0.93358 -0.00000 0.35837 A21
-0.98629 -0.00000 0.16505 A22
-0.99939 -0.00000 -0.03490 A23
-0.97237 -0.00000 -0.23345 A24
-0.90631 -0.00000 -0.42262 A25
-0.86195 -0.28006 -0.42262 A26
-0.92478 -0.30048 -0.23345 A27
-0.95048 -0.30883 -0.03490 A28
-0.93801 -0.30478 0.16505 A29
-0.88789 -0.28849 0.35837 A30
-0.77919 -0.32275 0.53730 A31
-0.66458 -0.27528 0.69466 A32
-0.06161 -0.18961 0.97992 B1
-0.27629 -0.27629 0.92050 B2
-0.50865 -0.50865 0.69466 B3
-0.59637 -0.59637 0.53730 B4
-0.75528 -0.54874 0.35837 B5
-0.79792 -0.57972 0.16505 B6
-0.80852 -0.58743 -0.03490 B7
-0.78666 -0.57154 -0.23345 B8
-0.73322 -0.53271 -0.42262 B9
-0.57154 -0.78666 -0.23345 B10
-0.58743 -0.80852 -0.03490 B11
-0.57972 -0.79792 0.16505 B12
-0.54874 -0.75528 0.35837 B13
-0.30883 -0.95048 -0.03490 B14
-0.30478 -0.93801 0.16505 B15
-0.28849 -0.88789 0.35837 B16
-0.32275 -0.77919 0.53730 B17
-0.27528 -0.66458 0.69466 B18
-0.28320 -0.49052 0.82413 B19
0.00000 -0.39073 0.92050 B20
0.00000 -0.56641 0.82413 B21
0.00000 -0.71934 0.69466 B22
0.00000 -0.84339 0.53730 B23
0.00000 -0.93358 0.35837 B24
0.00000 -0.98629 0.16505 B25
0.00000 -0.99939 -0.03490 B26
0.30883 -0.95048 -0.03490 B27
0.30478 -0.93801 0.16505 B28
0.28849 -0.88789 0.35837 B29
0.32275 -0.77919 0.53730 B30
0.27528 -0.66458 0.69466 B31
0.28320 -0.49052 0.82413 B32
0.16129 -0.11719 0.97992 C1
0.27629 -0.27629 0.92050 C2
0.50865 -0.50865 0.69466 C3
0.59637 -0.59637 0.53730 C4
0.54874 -0.75528 0.35837 C5
0.57972 -0.79792 0.16505 C6
0.58743 -0.80852 -0.03490 C7
0.80852 -0.58743 -0.03490 C8
0.79792 -0.57972 0.16505 C9
0.75528 -0.54874 0.35837 C10
0.49052 -0.28320 0.82413 C11
0.66458 -0.27528 0.69466 C12
0.77919 -0.32275 0.53730 C13
0.88789 -0.28849 0.35837 C14
0.93801 -0.30478 0.16505 C15
0.95048 -0.30883 -0.03490 C16
0.99939 0.00000 -0.03490 C17
0.98629 0.00000 0.16505 C18
0.93358 0.00000 0.35837 C19
0.84339 0.00000 0.53730 C20
0.71934 0.00000 0.69466 C21
0.56641 0.00000 0.82413 C22
0.39073 0.00000 0.92050 C23
0.49052 0.28320 0.82413 C24
0.66458 0.27528 0.69466 C25
0.77919 0.32275 0.53730 C26
0.88789 0.28849 0.35837 C27
0.93801 0.30478 0.16505 C28
0.95048 0.30883 -0.03490 C29
0.80852 0.58743 -0.03490 C30
0.79792 0.57972 0.16505 C31
0.75528 0.54874 0.35837 C32
0.16129 0.11719 0.97992 D1
0.27629 0.27629 0.92050 D2
0.50865 0.50865 0.69466 D3
0.59637 0.59637 0.53730 D4
0.54874 0.75528 0.35837 D5
0.57972 0.79792 0.16505 D6
0.58743 0.80852 -0.03490 D7
0.30883 0.95048 -0.03490 D8
0.30478 0.93801 0.16505 D9
0.28849 0.88789 0.35837 D10
0.32275 0.77919 0.53730 D11
0.27528 0.66458 0.69466 D12
0.28320 0.49052 0.82413 D13
-0.00000 0.39073 0.92050 D14
-0.06161 0.18961 0.97992 D15
-0.27629 0.27629 0.92050 D16
-0.28320 0.49052 0.82413 D17
-0.00000 0.56641 0.82413 D18
-0.00000 0.71934 0.69466 D19
-0.00000 0.84339 0.53730 D20
-0.00000 0.93358 0.35837 D21
-0.00000 0.98629 0.16505 D22
-0.00000 0.99939 -0.03490 D23
-0.30883 0.95048 -0.03490 D24
-0.30478 0.93801 0.16505 D25
-0.28849 0.88789 0.35837 D26
-0.32275 0.77919 0.53730 D27
-0.27528 0.66458 0.69466 D28
-0.54874 0.75528 0.35837 D29
-0.57972 0.79792 0.16505 D30
-0.58743 0.80852 -0.03490 D31
-0.57154 0.78666 -0.23345 D32
