6.62432 -5.75790 -1.53854 1
7.30351 -5.52174 0.69473 2
7.94930 -4.95349 2.56738 3
8.54117 -3.85574 3.99289 4
7.72178 -2.71961 6.00262 5
6.72239 -1.92314 7.15184 6
5.30906 -1.25910 8.01133 7
3.65242 -0.00000 8.59563 8
1.38207 1.27938 8.83781 9
9.10489 -4.33076 -0.45643 10
9.45601 -3.71990 1.36974 11
9.80075 -2.90818 2.98281 12
9.48181 -1.79771 4.59757 13
8.24023 -1.22587 6.41240 14
6.83756 -0.00000 7.55893 15
5.30906 1.25910 8.01133 16
2.97498 1.95277 8.31184 17
10.38050 -2.67867 -0.07088 18
10.47040 -1.77016 1.52597 19
10.41470 -1.00632 3.22706 20
9.70113 -0.00000 5.05936 21
8.24023 1.22587 6.41240 22
6.72239 1.92314 7.15184 23
4.65900 2.88633 7.53095 24
10.96430 -0.89858 -0.12781 25
10.41470 1.00632 3.22706 26
9.48181 1.79771 4.59757 27
7.72178 2.71961 6.00262 28
6.13348 3.62712 6.42186 29
10.64380 -0.00000 -1.81009 30
10.47040 1.77016 1.52597 32
9.80075 2.90818 2.98281 33
8.54117 3.85574 3.99289 34
7.21250 4.07060 5.11643 35
10.38050 2.67867 -0.07088 36
9.45601 3.71990 1.36974 37
7.94930 4.95349 2.56738 38
6.86154 5.25861 3.64378 39
5.40776 5.25689 5.06291 40
4.06397 4.72603 6.49209 41
2.61469 3.74965 7.53390 42
0.83139 2.87131 8.28815 43
-0.75928 1.90213 8.69498 44
9.10489 4.33076 -0.45643 45
7.30351 5.52174 0.69473 46
6.13210 6.02820 1.91938 47
4.75572 6.31200 3.38583 48
3.26214 6.12044 5.00780 49
1.87022 5.57852 6.25549 50
0.25837 4.63946 7.33882 51
-1.27134 3.42838 8.08914 52
6.62432 5.75790 -1.53854 53
5.27478 6.36271 0.16428 54
4.08492 6.78901 1.40691 55
2.54581 7.04518 2.94754 56
1.25264 6.75706 4.56985 57
-0.06948 6.44532 5.58243 58
-1.63703 5.19342 6.99357 59
4.35910 6.57224 -1.80338 60
3.09259 7.00281 -0.14806 61
1.89135 7.35939 1.10228 62
0.55268 7.47446 2.55808 63
-1.13867 7.21629 4.08258 64
-2.25159 6.60933 5.32786 65
2.72130 6.90761 -3.87155 66
0.48670 7.39816 -0.41984 68
-0.96389 7.69904 0.99684 69
-1.90576 7.49455 2.43981 70
-2.71354 7.17268 3.48190 71
1.34611 6.53038 -6.19274 72
-3.05263 7.34131 0.72569 74
-4.02598 7.05095 2.25103 75
-4.31379 6.47072 4.35851 76
-4.21068 5.43994 6.07138 77
-3.69419 3.71250 7.54817 78
-3.01495 2.07885 8.40273 79
-2.35814 -0.00000 8.81349 80
0.42534 6.26831 -7.95707 81
-3.94507 7.03505 -0.82599 83
-4.87309 6.78840 0.84256 84
-5.84623 6.19129 2.64445 85
-6.18197 5.24315 4.61339 86
-5.93756 4.00975 6.01370 87
-5.22992 2.15155 7.40642 88
-4.28973 -0.00000 8.20648 89
-0.32661 5.93170 -9.25207 90
-4.08433 6.71597 -4.31242 93
-5.04495 6.59524 -2.59194 94
-6.13035 6.16011 -0.66080 95
-7.05503 5.59034 0.66557 96
-7.31906 5.01497 2.90869 97
-7.44472 3.55593 4.47981 98
-7.02777 2.00737 5.86462 99
-6.27852 -0.00000 6.81554 100
-1.55133 5.40912 -10.94240 101
-3.59070 5.60464 -7.58251 103
-4.57212 5.81044 -6.05619 104
-5.71059 5.96798 -4.29892 105
-6.80705 5.65113 -2.43987 106
-7.87060 4.84519 -0.72028 107
-8.54609 3.91097 1.03933 108
-8.61861 2.96459 2.74870 109
-8.23756 1.46882 4.26985 110
-4.25921 4.57738 -9.42499 112
-5.06660 4.51575 -7.72097 113
-6.17683 4.61298 -6.17752 114
-7.41821 4.53958 -4.39725 115
-8.58666 3.86894 -2.35023 116
-9.23476 3.09048 -0.53374 117
-9.47414 1.75042 1.07781 118
-9.16409 0.96428 2.32552 119
-5.89857 3.47042 -9.20197 121
-6.39016 3.55763 -7.50694 122
-7.54959 3.35280 -6.05863 123
-8.49471 2.62691 -4.75557 124
-9.41827 2.01785 -2.52632 125
-9.88857 0.95857 -0.74186 126
-9.73794 -0.00000 0.76679 127
-9.16409 -0.96428 2.32552 128
-8.23756 -1.46882 4.26985 129
-7.02777 -2.00737 5.86462 130
-5.22992 -2.15155 7.40642 131
-3.01495 -2.07885 8.40273 132
-6.67651 2.56859 -9.20561 134
-7.38543 2.11945 -7.66441 135
-8.15509 1.57294 -6.24421 136
-9.10944 1.05855 -4.46274 137
-9.71661 -0.00000 -2.71232 138
-9.88857 -0.95857 -0.74186 139
-9.47414 -1.75042 1.07781 140
-8.61861 -2.96459 2.74870 141
-7.44472 -3.55593 4.47981 142
-5.93756 -4.00975 6.01370 143
-3.69419 -3.71250 7.54817 144
-7.65431 1.23669 -9.15612 146
-7.90446 0.75855 -7.62359 147
-8.34512 -0.00000 -6.12448 148
-9.10944 -1.05855 -4.46274 149
-9.41827 -2.01785 -2.52632 150
-9.23476 -3.09048 -0.53374 151
-8.54609 -3.91097 1.03933 152
-7.31906 -5.01497 2.90869 153
-6.18197 -5.24315 4.61339 154
-4.21068 -5.43994 6.07138 155
-1.63703 -5.19342 6.99357 156
-7.90446 -0.75855 -7.62359 157
-8.15509 -1.57294 -6.24421 158
-8.49471 -2.62691 -4.75557 159
-8.58666 -3.86894 -2.35023 160
-7.87060 -4.84519 -0.72028 161
-7.05503 -5.59034 0.66557 162
-5.84623 -6.19129 2.64445 163
-4.31379 -6.47072 4.35851 164
-7.65431 -1.23669 -9.15612 166
-7.38543 -2.11945 -7.66441 167
-7.54959 -3.35280 -6.05863 168
-7.41821 -4.53958 -4.39725 169
-6.80705 -5.65113 -2.43987 170
-6.13035 -6.16011 -0.66080 171
-4.87309 -6.78840 0.84256 172
-4.02598 -7.05095 2.25103 173
-6.67651 -2.56859 -9.20561 175
-6.39016 -3.55763 -7.50694 176
-6.17683 -4.61298 -6.17752 177
-5.71059 -5.96798 -4.29892 178
-5.04495 -6.59524 -2.59194 179
-3.94507 -7.03505 -0.82599 180
-3.05263 -7.34131 0.72569 181
-1.90576 -7.49455 2.43981 182
-0.65926 -7.21629 4.14978 183
-0.06948 -6.44532 5.58243 184
0.25837 -4.63946 7.33882 185
0.83139 -2.87131 8.28815 186
-5.89857 -3.47042 -9.20197 188
-5.06660 -4.51575 -7.72097 189
-4.57212 -5.81044 -6.05619 190
-4.08433 -6.71597 -4.31242 191
-3.13627 -7.24073 -2.18818 192
-1.83444 -7.50334 -0.35317 193
0.02109 -7.69904 1.13490 194
0.55268 -7.47446 2.55808 195
1.25264 -6.75706 4.56985 196
1.87022 -5.57852 6.25549 197
2.61469 -3.74965 7.53390 198
-4.25921 -4.57738 -9.42499 200
-3.59070 -5.60464 -7.58251 201
-2.88778 -6.63032 -5.78296 202
0.48670 -7.39816 -0.41984 203
1.89135 -7.35939 1.10228 204
2.54581 -7.04518 2.94754 205
3.26214 -6.12044 5.00780 206
4.06397 -4.72603 6.49209 207
-1.50709 -6.16243 -7.97157 210
1.69512 -7.03205 -2.07023 211
3.09259 -7.00281 -0.14806 212
4.08492 -6.78901 1.40691 213
4.75572 -6.31200 3.38583 214
5.40776 -5.25689 5.06291 215
1.34611 -6.53038 -6.19274 220
2.72130 -6.90761 -3.87155 221
4.35910 -6.57224 -1.80338 222
5.27478 -6.36271 0.16428 223
6.13210 -6.02820 1.91938 224
0.00000 -0.00000 8.95379 REF
