1	 -39.813	 0.44782	    AFF5
2	   -26.8	 0.44233	    AF5h
3	 -11.549	 0.45492	   AFp3h
4	       0	 0.44329	    AFpz
5	  11.549	 0.45492	   AFp4h
6	  39.813	 0.44782	    AFF6
7	    26.8	 0.44233	    AF6h
8	 -45.433	 0.38612	     F5h
9	 -24.449	 0.35418	   AFF3h
10	 -17.054	 0.33389	    AFF1
11	       0	 0.31672	    AFFz
12	  17.054	 0.33389	    AFF2
13	  24.449	 0.35447	   AFF4h
14	  45.433	 0.38612	     F6h
15	 -66.615	 0.34741	    FC5h
16	 -50.415	 0.31296	    FFC3
17	  -42.98	  0.2665	   FFC3h
18	 -17.633	 0.19996	   FFC1h
19	       0	 0.19017	    FFCz
20	  17.633	 0.19996	   FFC2h
21	  42.923	 0.26635	   FFC4h
22	  50.415	 0.31296	    FFC4
23	  66.615	 0.34741	    FC6h
24	     -90	 0.33317	     C5h
25	 -75.798	 0.27234	    FCC3
26	 -64.127	 0.14675	    FCC1
27	     -46	0.091612	   FCC1h
28	       0	0.063208	    FCCz
29	   46.14	0.091741	   FCC2h
30	  64.127	 0.14661	    FCC2
31	  75.798	  0.2721	    FCC4
32	      90	 0.33317	     C6h
33	 -113.39	 0.34741	    CP5h
34	  -104.2	 0.27234	    CCP3
35	 -115.87	 0.14675	    CCP1
36	    -134	0.091612	   CCP1h
37	     180	0.063208	    CCPz
38	  133.86	0.091741	   CCP2h
39	  115.87	 0.14661	    CCP2
40	   108.2	 0.20832	   CCP4h
41	  101.85	 0.33697	   CCP6h
42	 -124.34	 0.36403	   CPP5h
43	 -129.59	 0.31296	    CPP3
44	 -137.02	  0.2665	   CPP3h
45	 -162.37	 0.19996	   CPP1h
46	     180	 0.19017	    CPPz
47	  162.37	 0.19996	   CPP2h
48	  137.08	 0.26635	   CPP4h
49	  129.59	 0.31296	    CPP4
50	  124.34	 0.36432	   CPP6h
51	 -140.19	 0.44782	    PPO5
52	 -149.35	 0.38123	    PPO3
53	 -167.97	  0.3908	     PO1
54	     180	 0.37995	     POz
55	  168.05	 0.39088	     PO2
56	   149.3	   0.381	    PPO4
57	  140.19	 0.44782	    PPO6
58	 -144.11	 0.52233	     PO7
59	 -155.64	 0.50223	   POO7h
60	 -164.87	 0.46359	    POO3
61	     180	 0.50669	      Oz
62	  164.93	  0.4639	    POO4
63	  155.59	 0.50223	   POO8h
64	  144.14	 0.52231	     PO8
